1095 217
748
390
865
1042
241
1027
377
820
160
267
210
337
948
940
645
1025
915
651
513
36
211
812
752
825
872
1080
825
669
755
653
513
785
786
253
876
918
735
1005
365
63
1023
353
946
414
812
877
435
400
525
785
640
1005
23
303
495
165
885
652
153
1088
126
471
873
615
729
627
504
360
164
380
545
864
720
754
1020
400
774
558
782
180
108
979
383
343
960
876
35
360
645
585
1044
153
571
269
135
94
924
140
657
600
876
810
486
940
516
581
370
458
945
708
486
1080
855
960
975
783
310
459
210
149
321
409
795
439
765
465
789
300
915
353
865
15
54
453
1022
8
720
417
333
972
723
135
3
95
690
840
687
504
219
60
681
615
784
1066
30
706
903
6
735
812
936
146
120
438
90
493
1005
100
817
506
264
99
325
69
590
920
915
893
585
885
82
117
1009
41
645
761
549
615
78
160
909
120
319
1054
516
558
262
969
880
234
433
624
240
456
612
414
526
205
1083
1037
654
833
166
498
700
657
1065
497
517
288
893
365
1016
560
345
270
581
87
421
65
645
924
804
327
290
228
375
253
373
627
595
569
115
1064
567
1041
892
583
855
215
841
369
627
789
1042
645
1012
958
520
495
856
369
540
213
224
921
201
117
17
408
468
555
342
441
1074
60
110
372
1068
36
1008
300
355
324
974
24
648
638
474
540
51
552
924
477
303
360
324
168
46
183
390
598
319
870
628
48
657
990
93
759
153
615
766
800
549
859
963
255
429
984
1071
706
365
108
853
792
39
945
152
770
1039
225
623
78
860
630
144
105
451
1009
391
343
495
829
730
465
300
1071
621
211
307
605
771
180
459
758
741
600
876
680
738
546
1072
150
117
498
585
1035
525
1026
919
331
113
197
672
110
559
569
435
184
55
323
308
279
715
697
45
217
384
935
618
855
780
175
213
513
1001
901
759
304
864
1015
360
795
243
61
480
0
51
159
5
767
849
747
868
297
803
420
281
823
765
575
615
95
330
96
1050
745
243
147
108
279
595
366
228
675
533
970
79
792
50
663
1043
490
255
106
630
705
375
935
61
324
458
47
986
994
762
138
1085
770
390
870
582
336
746
590
508
1005
377
953
345
974
559
600
294
860
56
135
1057
317
172
1084
786
337
435
346
399
62
379
415
45
419
461
1086
864
438
750
176
421
424
885
1023
855
959
800
470
423
1066
660
1075
372
243
412
1056
410
740
199
336
565
572
860
127
1053
377
0
1025
1071
62
501
1032
1002
183
685
1022
12
289
280
747
360
924
665
325
75
937
770
0
410
681
135
727
690
750
292
662
1075
630
89
1077
965
579
396
1002
19
585
1089
762
110
893
676
732
687
170
370
1025
93
876
66
606
990
190
0
639
889
391
1071
678
243
240
123
618
26
477
616
719
895
815
943
1045
1083
687
595
657
913
310
40
585
87
721
72
668
156
117
417
366
949
1068
1012
99
1024
771
930
822
674
516
628
753
152
572
423
490
518
658
611
136
935
220
648
456
75
509
630
215
802
698
1068
698
815
103
693
482
725
1016
481
623
1047
540
369
100
372
867
94
893
758
429
42
129
1005
831
744
904
647
757
442
501
375
0
10
584
75
630
930
649
696
954
290
520
279
44
333
1007
102
760
377
57
492
840
912
517
825
499
385
758
711
582
237
888
726
813
210
876
32
1034
963
813
615
239
440
1020
846
834
168
365
822
450
670
473
219
480
757
144
756
862
1074
10
260
540
1004
567
534
14
24
367
885
933
780
687
195
762
623
377
183
675
1025
720
222
148
0
903
831
345
465
474
78
48
138
124
339
108
924
306
494
390
390
1025
425
895
1071
676
313
295
608
195
534
711
481
981
0
209
220
1025
985
1048
22
88
1015
195
625
217
484
309
355
694
51
626
461
684
465
795
1001
162
565
1005
57
765
885
622
1008
651
693
0
804
966
207
865
429
198
810
330
1021
789
85
434
990
876
230
885
675
825
1069
1089
253
375
711
12
572
485
1088
867
694
172
256
95
148
847
120
29
162
971
648
3
1025
260
865
508
507
895
666
282
888
177
993
255
1041
149
762
975
449
453
93
25
540
507
106
364
35
408
363
696
875
975
201
888
663
75
860
1020
399
950
843
795
303
87
1030
1020
798
33
918
735
823
350
177
213
344
300
792
249
741
1086
695
345
30
555
546
833
920
502
95
618
666
69
870
615
276
784
102
719
442
318
708
661
366
1047
1084
188
160
292
610
848
364
492
1031
1044
685
36
699
279
454
672
59
530
996
599
1040
219
409
624
545
25
475
915
547
735
113
515
960
638
1032
465
123
460
50
283
627
600
515
630
498
726
870
803
105
237
61
773
333
566
309
549
300
896
74
1047
978
420
213
960
728
435
297
0
168
93
801
637
30
936
411
648
561
444
725
604
750
305
115
948
972
905
728
201
825
360
528
167
34
150
816
1039
303
924
90
610
942
966
675
600
326
635
342
906
558
44
540
1088
255
26
720
1062
159
465
728
783
195
818
323
1020
105
273
154
360
377
933
799
620
698
189
519
74
189
855
834
289
87
598
536
3
730
395
374
1049
1005
501
684
985
