249 70
30
168
239
177
144
21
234
189
143
65
154
76
108
120
186
0
206
156
122
1
102
85
45
46
32
9
69
109
68
54
114
99
37
243
150
174
117
128
197
232
167
49
114
203
205
138
21
6
81
134
158
30
89
177
138
166
189
174
85
19
99
189
237
129
29
229
111
93
83
93
198
118
205
67
69
231
106
13
119
66
149
67
147
42
127
231
209
72
24
228
57
145
76
192
231
108
58
186
159
163
189
90
73
117
195
27
51
48
81
161
168
141
90
205
151
44
96
45
109
208
202
158
179
89
185
87
32
63
9
35
108
117
20
226
129
150
181
31
178
192
24
129
196
199
217
186
39
83
204
184
196
221
28
120
149
144
36
2
238
195
128
230
180
21
15
231
93
132
60
195
82
117
201
66
197
204
237
173
213
129
93
174
208
128
115
202
135
81
147
240
91
78
52
114
165
216
105
189
207
147
135
167
83
129
63
42
48
210
194
115
247
44
126
129
204
118
124
122
93
110
45
246
175
48
147
242
72
184
241
140
164
31
81
138
243
221
247
79
98
186
197
88
72
182
34
48
248
0
