1990 1907
1914
1524
1851
1694
54
875
1929
546
1917
1019
1750
1420
0
1512
1768
981
338
1500
1922
14
197
1400
1545
318
1724
240
1860
970
238
898
1141
512
1348
763
1603
211
744
58
1130
331
385
1576
555
78
962
1860
1543
717
1154
1940
808
930
1578
8
1450
1095
1482
845
1034
674
1737
61
1903
1728
272
1874
665
1087
1484
1436
0
602
335
745
1580
1235
114
225
802
1763
749
1018
1730
485
588
872
168
84
168
1622
1672
1134
718
1932
1700
1300
125
18
1490
808
90
1411
1660
458
318
1597
1135
1236
854
1800
1174
1220
56
888
1204
950
718
72
1605
1658
1944
300
815
570
1975
1940
1866
480
660
685
800
638
320
1429
946
380
7
1241
1530
1640
702
274
306
1620
217
1972
1010
430
30
1290
660
372
209
1876
400
424
1128
708
1613
1415
970
1112
1704
856
850
761
700
550
1100
1484
1722
1730
380
1740
67
984
1240
1462
1033
1870
1169
1448
382
1284
220
885
1380
754
1244
364
450
1046
940
462
1466
554
510
1090
13
970
450
300
1430
1380
520
544
1032
1258
1662
1274
315
1434
1004
1060
1392
1652
1243
1552
1920
984
696
872
172
388
386
1392
994
1937
992
305
1606
1490
548
793
460
1459
930
254
1556
1040
1392
1152
1728
820
330
566
1856
1422
445
1665
106
1580
340
932
526
982
847
587
1630
162
1921
1922
1488
86
340
914
790
456
1218
1625
288
1216
1650
904
550
1728
1606
1569
844
634
620
520
1276
1774
1665
1355
182
1856
225
1140
1502
602
330
990
680
996
217
139
1612
1349
776
1570
638
150
1252
910
464
294
556
1820
1026
590
366
1980
1233
26
213
240
1652
78
730
1458
1290
914
208
401
652
778
1624
877
332
1074
144
1432
1182
408
649
1560
135
1000
1406
1166
786
1935
720
628
1040
1208
1470
324
1784
1940
84
1056
1395
309
1501
1030
1203
540
1573
400
602
1510
1014
215
834
1658
1660
130
1955
1235
31
416
1152
565
1006
274
196
1319
415
746
258
548
210
390
398
260
381
1296
0
770
1025
542
120
601
1160
594
232
340
1947
796
339
864
1394
1876
1976
1565
410
1069
1867
1890
1285
80
74
60
1915
125
1129
720
1495
330
1734
308
930
516
582
124
1560
1328
1885
794
1220
678
1810
1325
1250
858
1364
1778
1928
70
1676
1580
1366
1814
1016
1466
1566
1036
1322
1945
1974
360
1804
838
1670
345
1592
319
165
1045
1049
640
1224
24
624
129
1846
595
1918
315
92
1266
803
1157
910
915
1562
1112
850
234
852
952
1514
1400
1719
450
768
1070
1740
1805
1828
1412
870
420
512
10
1378
1608
1434
208
1910
48
1015
155
778
1675
1694
1946
222
1320
1808
1178
1598
1890
929
1314
954
164
738
1328
1950
1170
1322
125
1780
140
960
1110
984
1186
236
1225
166
410
1247
1600
345
761
1889
666
1480
862
284
1250
523
1240
1388
1154
132
660
150
523
234
70
601
320
775
1690
1220
1334
1034
1204
1972
1910
1504
10
1921
1708
860
802
1712
720
680
1325
770
180
1952
40
0
1668
1140
632
232
720
1946
1696
841
1490
1608
1650
463
915
761
1308
950
416
1360
1350
1250
1589
800
950
1910
1852
1509
445
423
1875
468
556
1588
361
1420
1970
886
700
474
1140
158
1386
80
1708
1950
338
204
1040
790
710
1308
1178
1012
1985
1592
420
172
696
750
1388
12
1120
495
1348
632
909
785
1208
678
1472
490
1150
1512
742
1913
741
773
1475
471
810
1304
1698
1690
840
1560
486
1324
848
1262
114
1278
1624
1780
1082
1414
1870
860
868
1147
1154
156
364
700
826
1584
1195
1572
1890
1830
1986
1372
1262
900
1760
648
192
1970
684
859
1338
824
290
1535
1832
758
211
1365
1372
1134
1930
476
1290
1722
200
866
568
1140
305
1774
745
764
1890
1768
910
1184
411
1934
244
830
547
853
67
70
100
88
1040
2
1957
785
1354
398
470
750
6
1811
1730
1970
438
258
84
822
1824
952
470
580
1215
242
448
1342
328
1592
1764
165
470
974
1726
738
1682
1121
1930
718
1476
1600
1590
1020
702
1390
976
798
1713
760
270
360
80
550
106
459
1854
680
1478
1438
130
1142
652
1504
487
184
180
620
694
1025
1836
1302
1282
968
1256
895
680
88
1148
433
982
782
1710
1753
1920
8
1560
1568
1177
210
688
1256
1880
1044
1286
127
1672
455
1910
918
1959
448
878
90
1097
882
389
1150
90
119
558
1784
1580
1063
1766
1270
1012
1441
960
1414
1274
597
1242
1978
1643
1983
1860
1356
370
792
1136
1258
1819
746
1710
857
1342
1900
1616
674
548
398
1147
253
155
608
536
1873
1179
990
1592
656
654
1080
1156
890
677
946
1302
816
1788
312
1654
1804
372
1578
1000
654
1042
520
1236
824
1222
360
580
1192
1366
412
1677
1620
1768
915
544
1270
602
452
1612
1420
430
1728
780
884
1212
534
1340
1725
1860
1331
328
344
969
1751
1660
1194
1374
670
75
240
773
1310
1752
1440
1852
120
610
83
304
1065
1900
1732
810
1485
1654
614
750
1476
510
686
549
1506
466
668
420
414
1615
1520
714
1524
1540
1942
1958
913
200
900
905
1984
1636
1831
1240
571
8
1049
1253
905
880
1344
420
1820
645
1907
266
1728
984
840
1844
1378
22
792
1784
1276
1530
450
934
1220
496
465
350
1096
30
52
1050
286
1704
991
605
1200
434
1240
1310
314
1810
1280
369
1194
1140
1244
86
204
1835
1188
1588
861
112
608
840
566
1966
80
1268
248
1480
847
1600
678
1913
1083
1848
1960
756
1010
1180
410
1793
221
837
1272
1484
1470
1624
1354
1610
272
20
915
884
1509
460
1636
1560
1090
706
1262
1910
358
1550
1828
1510
1213
4
942
920
1982
696
690
1720
1138
1524
1318
1830
344
1042
174
1060
566
1520
1122
1418
1592
40
948
73
1350
1122
745
1360
1272
1156
174
438
1140
940
1944
516
284
577
1600
274
657
1712
1251
1705
1814
1707
1452
1704
1800
1750
1780
1112
1635
1843
925
1360
1896
1024
1104
178
1483
1650
535
258
1385
872
1958
90
295
1180
932
687
942
606
990
1506
1460
1720
1206
1382
1052
120
1371
686
280
500
317
601
744
412
277
1950
459
1677
120
1160
8
595
721
1440
1192
575
434
1964
1796
908
1158
1250
448
622
1438
982
1348
348
240
985
294
50
930
1674
707
1325
1638
1315
1636
498
1396
1264
1977
1696
586
538
1934
450
1957
608
1700
1068
218
1311
1142
31
1045
360
244
136
1615
398
270
220
693
640
805
250
1206
1836
56
1060
1717
1765
1603
1488
97
2
1112
1856
1190
675
736
674
630
1176
560
1842
833
518
1245
252
1168
92
934
308
306
1228
611
1462
900
350
296
999
609
466
661
490
715
890
1569
1680
553
1703
414
1291
1119
960
873
1040
1900
316
350
850
394
945
1826
474
1415
824
842
99
1388
652
140
1369
1528
945
63
922
612
1245
1463
1432
834
1575
1617
1964
395
1712
1007
462
855
1755
140
1578
489
566
570
850
635
1250
1736
314
568
1985
1782
1569
770
1064
1760
556
1804
1816
1874
1962
1116
960
363
1558
749
285
1093
642
1118
1780
687
946
1228
896
1504
321
1306
1356
1064
280
455
740
245
1600
1305
1254
666
525
180
216
1305
1582
1147
1568
1716
1948
1824
404
1772
1560
60
490
1651
192
865
1306
774
334
262
580
237
596
742
1414
1565
670
578
766
201
980
444
72
1866
844
732
1203
540
601
32
1030
20
430
1158
226
1224
810
1089
544
376
690
1030
1142
261
1478
1025
1126
683
1320
1410
1660
656
574
477
1750
1409
1404
902
1682
835
1430
1122
384
299
1577
878
1795
1866
254
920
718
1785
614
829
1398
564
1680
160
1171
1860
151
1380
1052
182
785
1576
1944
125
1951
1810
1550
1282
1374
1140
966
176
1904
136
683
120
1500
1196
301
1596
706
370
580
727
88
104
452
1670
1620
424
995
80
1060
586
37
1814
1460
1500
1390
378
1673
36
206
720
382
1503
1370
1340
1582
1680
853
973
1807
1414
212
784
1430
1514
1058
1014
480
1360
902
1931
1498
787
1082
1704
1298
1208
296
79
632
144
333
640
652
800
961
758
1170
1052
606
113
1830
895
425
1170
1243
1090
706
853
1784
1333
1634
250
1785
452
110
604
1532
1032
1408
1510
1690
1404
1309
1004
1300
1940
1960
1293
1700
1424
1194
290
1061
762
1007
1220
120
866
1771
1622
430
1137
1616
1652
90
855
667
1214
1047
312
518
1504
1752
146
6
554
700
966
908
1340
610
1790
1633
858
630
1308
1344
960
1395
1485
1980
912
955
1481
1773
1374
1410
1903
794
1480
1518
1770
222
1834
65
1945
1051
1419
1456
1277
1834
1297
686
1078
1412
1720
1750
1169
95
1054
984
902
0
803
844
991
1656
1420
410
434
1398
1654
1860
1602
1932
280
100
156
1938
735
712
1494
864
670
1020
450
1513
325
980
1015
1012
1355
106
168
208
675
670
413
767
1500
398
1610
629
1728
1937
250
1746
1648
855
70
1051
224
1052
415
1712
1780
18
1631
1662
1184
1828
710
558
1940
1625
1355
604
1174
358
1890
380
582
500
100
305
692
1514
1040
1264
1435
1458
1938
1420
1077
780
1710
1346
1060
1380
1828
1562
372
1295
1440
1865
910
1220
128
231
303
484
1488
340
1668
380
720
1356
134
610
412
1321
1284
1544
1987
1416
1134
1439
350
1792
250
1431
375
1179
953
1504
1800
1808
20
520
1102
310
621
194
442
1624
1050
1832
936
0
1934
906
472
844
15
1100
1838
84
1939
60
1027
1524
632
926
372
1022
686
423
1490
490
1658
534
1685
1842
1974
1225
1718
1220
140
1138
320
386
545
718
1470
172
1108
236
255
1200
1436
1333
1952
175
420
1685
160
328
1800
1248
1562
1100
364
611
590
1340
100
1838
1404
1950
802
479
404
1840
1770
49
742
948
1975
940
870
180
1757
920
1015
1137
1586
414
1922
1888
1614
1336
536
1919
168
1190
1920
486
184
1
1350
1353
1902
206
1629
1265
279
451
1140
436
1246
1100
1907
1458
783
1810
1479
604
180
1220
870
922
1056
1886
1200
712
866
1427
390
0
1104
344
1074
554
1820
525
36
1810
1146
1102
1574
1412
352
1588
1984
210
1673
1752
796
808
296
1466
1284
1000
1934
366
741
287
410
1530
1779
1960
995
1070
1330
178
1185
915
259
28
170
329
1020
440
1695
912
1200
980
1840
1070
1520
1235
133
278
1375
705
408
566
1782
1831
405
477
1894
1946
668
1497
593
85
1410
320
1838
1524
1499
1420
267
490
185
1940
1770
1650
511
498
1892
