2070 19
1794
1330
1519
1084
1137
996
1386
978
390
1998
1659
806
1998
876
0
1956
1203
1278
294
60
1219
81
1470
282
1436
1494
630
278
650
444
1472
1199
1026
268
1416
411
104
1818
1120
97
24
750
774
370
1960
1090
1746
1630
790
1242
1884
1470
1242
970
180
844
48
264
315
1065
1108
711
202
96
1308
1036
1582
1766
1218
969
432
665
770
928
1292
1714
1724
1385
1213
204
940
1590
1782
432
90
462
336
1785
920
1236
1430
1359
921
1517
1634
1790
1818
1082
1068
1491
810
1494
444
785
1890
1026
1200
950
1110
1575
1476
1998
1350
1890
970
816
2043
978
62
1333
1540
1299
1888
1298
115
24
1284
1830
1161
628
585
770
1544
528
1845
1050
489
1026
1600
274
215
1731
650
1064
1930
793
1596
1956
1342
1840
2052
900
2025
1843
144
1116
690
2058
1854
828
20
2005
1055
135
1053
1550
780
11
80
282
343
1416
560
195
1920
936
256
840
563
900
675
1046
2043
1903
822
1410
994
1345
1922
1399
881
401
1142
1098
832
297
1472
450
50
30
2031
450
1470
1773
662
1904
1794
1800
1435
486
1944
306
2018
198
29
1902
297
2028
1944
861
1170
690
1434
756
1736
1000
1426
486
1479
585
1090
1354
684
180
1076
1160
1859
1197
1962
1364
90
1810
1194
1602
1068
608
1670
1476
1188
230
1327
920
1002
1131
1884
521
102
1650
1674
720
1734
1702
90
825
1260
1212
224
801
10
1584
558
824
1320
560
672
162
1602
444
1320
840
1817
1284
912
1322
453
310
643
552
1879
358
1008
2036
2034
1377
578
1320
966
265
2044
1490
146
784
1630
1299
304
298
1860
1485
279
1758
1572
940
598
591
402
2036
1938
170
360
1281
1514
1168
1606
2013
548
798
988
312
1880
1020
1434
1058
1539
585
102
2022
1620
1388
210
390
1323
1850
3
786
431
1417
2013
1507
524
720
462
1932
1227
989
1218
1066
1481
1851
1104
1002
1578
1640
1235
779
665
1574
720
712
538
1228
1815
402
1263
1870
651
1668
422
504
372
1090
842
780
1929
280
2046
720
1410
477
1482
1260
1585
1274
1095
345
76
1206
1415
927
85
80
625
45
1410
1498
330
1192
1140
1620
1750
327
552
1020
800
1890
727
52
1629
1367
1314
321
1605
1158
788
150
1926
1323
2041
248
720
1203
1337
2037
1526
1044
765
1150
872
1902
471
1450
1202
1347
1018
1246
726
1117
950
1702
1998
783
807
268
1932
1098
180
1120
1935
465
1100
566
520
1054
1305
948
828
582
624
1980
800
340
2052
1875
1220
1026
513
63
1929
1146
1772
1301
889
1704
1164
482
1288
102
930
240
870
592
1386
279
495
486
140
595
1044
1701
211
540
1832
1081
360
540
238
1566
954
222
614
638
1485
1350
323
316
630
690
1932
1562
108
722
378
222
1620
1590
1058
1502
1458
232
88
120
943
168
1512
1540
252
856
1040
1370
566
710
1968
947
1830
1230
42
702
466
700
594
306
8
1758
1988
1908
1673
274
730
588
1192
759
0
1782
1230
1672
600
1785
198
1449
1018
1722
1797
1470
105
1750
840
1062
438
1403
1510
592
570
230
1593
1740
690
1410
270
26
1125
144
971
948
995
555
180
1676
110
60
2006
207
1180
1190
432
951
1336
225
1860
545
396
1966
1236
540
1745
1828
1125
690
246
1864
1490
1208
465
1464
534
1278
1125
1691
1890
218
1670
570
591
1770
352
1980
1230
680
735
240
930
1380
2058
770
1125
448
141
321
1826
866
1773
2010
918
12
1587
732
1494
342
1372
290
936
990
1498
1638
1062
560
2040
302
708
1764
224
1704
0
354
1548
42
2034
598
623
152
828
390
410
230
186
1674
708
574
1978
253
98
1110
1774
552
1110
1532
405
540
1720
1472
598
1690
714
438
1764
1280
608
1545
677
1125
1064
898
78
1193
324
1092
1312
1676
1482
482
180
1201
810
516
1302
552
1134
430
1158
288
228
790
1173
667
1350
914
1152
1854
1606
750
1355
1528
1816
1863
55
728
1266
1428
540
1190
1605
1978
1571
440
1950
1730
886
1836
1972
807
690
880
844
1540
1403
684
0
1280
1860
1202
712
1938
182
42
1555
40
2007
1414
1740
336
762
207
382
462
858
1685
439
330
1724
60
1116
1616
1384
351
423
366
438
918
567
1548
684
1512
610
150
606
1029
105
1119
1026
939
1248
1210
856
1360
630
1188
536
629
252
1533
1137
2012
1830
945
420
1194
2045
1080
53
218
248
190
336
45
270
1164
944
1763
562
1190
180
9
630
480
1083
992
945
1854
1116
644
1799
1390
117
720
1866
582
1494
1224
1439
1870
1655
1350
330
1484
216
1332
218
581
321
630
1710
285
1634
1860
540
180
160
684
47
1103
2052
1180
680
439
348
1545
684
1518
845
1900
210
1140
2010
1004
138
1623
1672
954
1474
340
1800
1880
1260
270
855
1400
2038
477
1674
1790
1329
114
690
658
1030
1692
993
570
2044
1928
1540
1130
1144
322
1944
260
1106
1242
1260
1800
1743
1813
530
1870
558
456
846
570
1593
910
1210
765
144
708
1908
90
2001
1073
960
1382
575
920
161
654
1455
1708
976
754
828
342
1986
1150
504
130
1874
242
463
1908
180
436
1305
1763
381
691
208
525
1308
1161
152
900
2040
1828
1088
810
1012
480
898
1703
1442
1170
1624
1785
1824
1524
1926
1212
1980
776
1114
1150
924
990
1770
1798
75
1766
1023
264
280
874
1686
837
1782
1212
1355
849
670
1464
824
1380
1719
1314
883
370
244
1015
21
240
654
1614
1740
36
660
825
550
430
198
1899
184
144
1629
405
855
260
1332
1580
360
642
945
1708
1219
1098
50
1170
1662
1910
512
1775
695
832
348
190
1092
1184
1926
1350
376
1750
1107
774
1478
120
360
996
1074
714
1380
79
1212
1155
544
1000
633
1702
1196
1454
1536
1600
927
886
765
1068
240
990
54
546
1320
594
454
364
1104
1355
355
1125
1070
1160
2028
1608
544
1908
738
10
856
1800
784
670
727
308
1278
1830
270
0
114
162
1016
1796
1506
1242
1557
1094
1886
1645
852
291
1359
640
1152
240
478
1524
1783
713
1302
108
670
1644
1606
122
1788
69
243
132
1426
1333
1472
1362
924
1630
1524
1641
140
1875
1593
1458
210
154
855
162
1845
1890
26
1185
644
1862
1305
486
9
1620
1305
755
1812
1240
1788
1920
990
1962
1926
566
1188
460
828
1020
870
0
1611
1320
866
1670
1010
125
594
170
1084
993
1270
1992
1560
1078
254
90
1448
1136
1920
441
222
1415
566
290
1802
200
1034
864
1856
460
1900
971
1379
1314
374
648
1896
1950
537
186
1089
768
396
884
690
1780
1608
736
1735
1086
1035
306
594
1650
1080
1155
2030
1145
500
558
930
147
10
396
966
83
398
958
1705
1015
984
1025
1422
186
1992
158
925
1641
42
642
85
1415
378
750
1818
945
1315
1396
991
1118
1675
1157
1098
804
585
436
1151
1173
1165
444
278
1280
486
1850
138
1857
1840
1742
110
1250
165
1140
1122
1400
360
900
453
1350
450
698
1902
2023
1434
1736
1932
2047
1104
336
1485
1690
1080
486
516
2050
1935
236
1710
15
448
1491
316
1989
1568
1672
850
528
1307
1094
262
1920
1632
1900
839
1188
210
576
950
1944
1755
1439
1422
1117
2017
658
1012
155
644
1349
1340
1890
1656
819
84
1390
1750
405
1352
1468
90
1756
879
480
1833
0
712
1800
690
1654
1896
1779
1818
1098
144
1800
963
1650
170
1080
1884
1573
900
1008
650
480
1530
1302
294
1716
703
1273
2068
401
290
108
165
1026
1384
1393
1996
1820
450
1476
1612
2010
1380
470
1413
518
1188
769
1710
261
1669
576
1206
1972
260
1006
105
1914
780
1794
420
1502
510
644
342
1750
1602
1680
1656
1655
1422
342
1705
1355
824
346
1435
2046
1176
1839
436
1442
972
256
2065
1872
1780
1770
1144
1090
720
1458
1134
1873
310
807
390
4
1102
868
1194
1650
828
1500
720
1272
1566
1686
904
158
1364
900
1220
810
785
2064
1470
1859
117
1424
194
1926
1188
954
1035
984
1702
678
1044
1038
1840
279
352
1657
1380
1476
1740
1985
1602
1704
1014
1207
324
108
1362
1325
1332
1360
742
584
388
69
1658
1206
1776
1868
793
1248
547
2040
838
1664
448
467
6
936
660
1156
144
365
402
1742
1504
33
1026
700
1668
468
420
458
1176
62
614
654
867
225
330
1980
1626
1890
762
2057
1908
1494
582
1948
1422
1308
750
502
1626
1550
1809
1920
2010
88
666
1820
755
1800
1078
321
505
1224
895
1953
1260
1680
382
1900
2007
1620
1752
0
1224
1716
1148
672
906
819
1947
1158
1586
1788
774
224
396
1002
620
1772
480
535
156
1494
148
1020
1466
1466
1725
1120
6
565
7
276
944
918
1845
360
780
1324
540
650
1848
80
1012
460
80
510
324
981
990
1290
2010
1783
1080
276
288
1520
0
910
2016
972
120
1101
634
1806
1470
72
892
316
365
742
1572
1099
2009
859
1934
775
304
414
782
135
1752
516
899
109
1827
1308
1302
1674
2054
540
1881
334
917
1386
2010
1942
218
1626
1334
223
1440
1806
1932
322
920
142
314
1932
879
1185
736
736
1560
168
1065
1782
1242
1850
1110
1836
1046
1072
1240
1152
620
1152
516
458
1449
1350
338
39
1699
876
1902
1798
260
496
1115
2064
1608
966
1136
1350
1174
1472
1566
570
1424
1700
282
2035
420
1136
1215
1352
1647
16
212
2054
830
347
791
1250
1944
1776
1062
45
1
1037
500
900
1666
1769
1900
1310
1818
1144
740
869
2016
1050
1249
1029
690
1049
1186
522
1422
1095
621
729
1958
510
1294
1114
1090
648
1160
123
1410
1638
1390
1184
780
930
935
1206
2022
486
1107
72
168
2031
1143
1882
762
2010
405
2040
870
1077
1990
864
966
1190
1035
1584
1140
1414
306
10
1245
1260
138
1084
372
802
1520
2016
4
1264
1790
270
1862
608
1172
629
927
990
788
1854
1292
1298
243
1225
414
592
1334
1556
1962
1017
1690
1419
678
783
506
911
2005
550
1341
822
1240
1485
563
705
508
736
753
396
216
955
2016
1426
196
2016
834
1355
1384
440
1268
1332
1032
1704
1486
460
1617
1278
14
1460
75
1737
984
504
1419
1547
714
81
1568
1448
638
1353
80
1484
1900
776
1692
608
1000
1944
1425
906
745
478
1524
1936
750
738
2026
1440
668
1650
360
1026
840
216
600
560
1341
354
1404
1754
294
410
1022
1829
540
1666
1740
782
226
162
360
410
2056
440
588
1235
792
1536
810
217
1830
1890
1214
602
982
664
290
880
1620
47
1620
830
1240
994
0
1085
180
1668
1520
310
1725
1194
288
1295
560
195
1216
100
532
1748
396
1146
900
1419
1876
1497
480
158
1150
1421
692
1446
1200
390
615
360
1996
106
1899
864
1620
373
998
210
589
1884
354
1818
567
72
873
1408
1326
390
78
162
649
135
90
2020
522
1062
160
1505
401
1150
148
1836
915
1794
225
2015
120
880
1665
2028
327
1233
1490
162
2011
384
864
889
1264
168
1416
1734
1542
225
1380
36
1376
1877
49
765
1197
2028
90
315
1418
