1993 920
1282
1844
1824
1533
129
1433
1240
26
97
249
1140
1218
1158
486
1634
645
1211
725
1553
64
859
1117
374
629
249
1034
507
997
1425
1683
1650
208
176
307
581
1173
1096
1606
122
1393
979
1436
1980
108
1596
84
630
1463
1264
442
1187
1541
1442
772
1473
190
1761
287
1562
802
1177
1211
370
1896
1264
1443
358
1765
720
1259
926
1854
299
373
1597
1592
8
331
841
452
1908
327
1703
1307
876
719
745
1986
1263
1886
14
1294
1587
1254
474
1360
631
1568
449
860
616
513
925
1061
1591
822
814
630
356
407
1107
1574
1428
1356
321
306
201
1212
1831
1611
120
1315
1194
347
1247
1876
702
322
1321
456
1940
1920
562
1956
974
859
1388
865
1620
1862
1485
1817
1076
1572
596
1044
104
202
436
1896
719
706
1026
1130
1974
96
1986
886
1750
142
377
1528
161
606
153
1794
1009
289
1733
1668
1501
152
247
235
274
807
1283
157
1676
1676
267
801
554
1010
1569
1388
1649
623
6
1151
1392
907
598
957
937
997
681
463
1361
918
1006
122
806
985
1534
249
222
753
442
426
1956
1069
782
1864
110
318
826
1670
1320
1181
97
28
1212
1655
1985
1194
1786
841
807
821
565
1739
1148
1867
772
1658
1176
688
1342
1356
848
1768
1039
1870
246
290
534
1052
301
3
425
1694
603
1970
1477
1145
476
569
1934
1408
1087
1141
1743
551
964
370
170
1967
28
261
1198
990
1216
482
1951
962
709
714
1509
638
1188
1284
1472
408
765
1182
461
1979
1166
1088
811
505
1209
1170
1255
1567
1913
1703
1002
1796
46
679
1054
1852
771
104
1702
1609
251
652
248
362
725
878
271
38
1529
83
1270
185
1252
1221
1606
1052
1158
655
1556
696
1280
1123
833
851
288
1534
923
1674
1647
591
839
610
1879
552
1855
1544
1472
1670
780
854
353
1586
65
1471
852
1347
1193
870
216
892
752
1783
224
732
968
1908
1045
812
607
1480
1425
1467
1436
702
566
539
1510
592
272
1090
1296
1352
1563
1204
1846
1478
757
416
1195
578
444
331
1342
549
1069
563
53
1310
1853
971
1432
1797
683
1938
793
427
1284
719
183
1172
1527
1781
49
1314
1291
1346
912
1316
341
1071
340
721
1633
165
1186
274
974
1079
1979
790
1938
299
867
1121
898
847
1737
1813
544
1531
1988
350
895
323
1775
1035
1670
1504
909
51
425
1592
630
203
1328
787
597
107
1527
1571
201
1941
199
937
1344
438
607
728
1340
759
1862
803
1044
147
206
86
841
960
1826
582
1615
1425
285
183
1892
720
1457
1545
735
1644
254
1678
399
1565
512
1761
310
293
1770
239
1943
1039
441
938
891
1067
1645
1414
400
1534
1464
981
710
1438
187
1225
1054
153
322
1139
234
735
193
1210
779
1784
1765
698
1617
1155
500
364
297
73
746
1050
1558
1058
1351
1471
1072
1138
1799
892
1810
432
603
1456
1001
1548
81
206
57
1284
1964
1751
632
232
1298
725
1183
1373
1089
796
879
522
1185
1667
1046
1032
870
1706
1594
204
262
1167
944
399
1516
527
587
577
1173
1971
1962
1975
1604
1526
1750
448
1281
1950
1765
1053
418
667
1917
417
380
497
950
1800
838
1930
1228
1472
1574
748
243
1935
568
1565
1018
18
140
1865
695
98
202
558
1474
623
1695
1130
889
1448
1692
462
938
463
1355
203
1559
462
304
1495
1487
1923
6
1829
707
1732
1401
849
797
1739
1955
1081
74
515
227
626
152
977
1486
583
1804
1443
1293
1828
750
1753
1588
1591
507
1277
1060
534
1582
1250
1120
42
725
732
1588
1396
343
647
798
1561
698
799
1736
418
1990
664
606
1316
1416
479
3
1857
1552
803
790
1434
1960
1903
743
1921
1083
1506
1841
1967
201
1419
134
1710
409
1441
625
1786
1132
1605
1881
205
380
1599
897
1728
1079
1881
1550
662
89
346
1056
1511
1013
1628
1603
1299
1068
738
323
1076
127
487
430
214
397
1213
416
1679
1536
788
925
1385
578
175
1454
1567
167
1915
1140
110
1568
864
697
701
12
1889
1463
1537
1171
1116
1605
95
556
1951
685
1802
1780
1660
827
1798
1848
1466
647
1412
276
645
1896
1498
372
1221
1160
1916
225
1854
384
494
52
1352
1529
347
143
857
252
1261
1260
80
1090
1210
1172
128
1055
15
217
1987
1777
631
439
1206
522
894
1680
915
169
1171
1859
1620
663
1840
1732
1684
303
756
903
1449
1958
1916
1823
498
1328
350
1739
570
427
791
730
475
1020
1232
858
1271
1550
1896
498
1618
569
920
1131
780
890
676
203
1053
371
512
165
1607
1661
907
1934
1517
318
800
1599
1590
55
1905
977
1556
1951
929
1521
1126
16
1596
129
397
1830
640
1547
901
393
577
157
1046
1744
759
223
325
835
519
736
1462
181
822
982
1262
475
1278
70
1124
765
81
471
111
1020
763
292
1933
332
1976
2
513
1171
1369
227
812
291
811
135
1043
1173
536
1348
1660
351
1159
167
1970
1344
1066
1073
42
36
130
1342
437
1273
339
723
359
713
880
1410
1822
1009
1017
718
567
289
5
885
231
1029
1030
1105
1707
1850
425
371
1525
918
693
89
481
1445
1162
1189
1030
538
634
763
1389
1612
1231
1889
1020
1152
734
1843
702
1879
822
1815
1790
753
1018
1009
1002
1074
1741
1760
541
637
1146
404
179
41
1356
447
1992
1943
60
760
1496
277
1003
806
326
935
1750
1927
1300
325
284
1318
82
1852
1535
941
428
1166
472
1123
1450
562
63
246
1837
1804
941
297
1485
1878
967
1869
1798
462
1493
537
537
1182
1774
1137
1401
819
221
1050
1889
1354
750
328
459
1179
961
1864
569
1854
161
285
1743
1847
1378
642
1104
1902
1107
1130
105
1504
1666
1563
653
1210
975
1869
724
1624
194
1112
726
1898
368
1751
1679
1892
1183
431
626
1843
1093
522
191
441
1048
1553
939
521
262
180
355
0
1440
1640
49
16
413
286
935
171
902
59
406
1298
1703
1955
1914
149
1662
604
478
1369
126
345
340
571
1197
1077
1559
415
1339
1122
1203
1253
1023
1085
314
668
1810
1064
1868
1521
1149
1086
977
654
1014
886
1893
1041
891
1851
1813
1900
1595
288
217
1982
817
959
344
1544
1904
407
1276
1396
960
1749
1156
729
1717
1818
200
993
1224
1339
1435
1023
1504
781
581
514
71
8
1243
273
302
771
1438
1810
1681
1636
161
783
162
1639
1501
1986
1770
1274
547
1045
1682
976
1131
1390
1707
1951
1653
365
346
1914
818
487
391
1563
1186
1188
1640
798
1615
584
305
1783
1909
1020
1783
640
1176
1548
1304
704
1759
197
1324
1417
556
313
1749
140
533
1788
557
541
1697
929
1873
1059
1463
324
325
758
1288
1177
974
49
1063
43
1017
1870
695
1718
32
1678
1888
536
106
704
1194
897
1043
887
660
1303
1748
645
1881
1583
1213
1822
1969
1914
1759
1889
1900
380
817
408
1754
1155
1388
1498
1637
1224
1641
881
1112
1639
1141
91
1536
1676
1151
651
1226
1916
1988
1155
1510
706
745
1064
427
1561
1517
962
62
217
410
1504
1809
1178
1531
1455
1798
463
887
1209
1656
60
274
689
1887
278
826
1844
903
1527
129
629
1985
251
570
1253
1551
1511
532
1202
1557
1898
1369
1433
1919
66
781
493
353
550
1291
886
1717
286
1604
1764
277
1113
1698
1077
1402
1943
289
1677
1683
1879
1489
1550
1846
1071
1306
415
1598
609
1039
1525
564
60
1373
1744
504
511
1849
1411
1451
220
296
1488
720
985
828
1118
162
1723
595
728
1594
1401
391
1453
1401
949
1702
559
1937
369
980
1909
15
1118
582
1714
268
63
259
181
550
604
1461
1276
1492
1133
434
1099
567
876
1726
1389
1185
1982
607
1692
391
1346
1167
1489
751
1011
341
739
171
734
1629
1882
1474
625
53
741
862
1757
576
1685
1518
1552
632
677
723
1656
297
1655
126
1432
887
510
828
1138
1212
834
916
1605
850
1714
62
273
406
916
478
380
1654
1401
1927
1250
1762
252
859
1561
310
1624
499
1959
235
1589
1353
95
1357
721
980
322
967
1215
1676
871
1151
1247
650
298
418
1204
103
1366
621
1176
595
1208
1380
1867
1660
742
242
895
40
1210
382
162
1903
673
1457
440
1643
475
1614
1721
737
1667
1041
1213
1040
574
1669
222
450
528
170
261
971
1896
1337
493
156
1661
1843
1076
971
1953
1469
1325
1445
879
1474
429
349
1443
1695
452
343
472
569
1389
1255
607
1484
1433
1197
1734
1422
1318
1678
1796
1406
947
1109
1294
529
1791
1213
1039
1013
1002
667
352
1057
1106
886
1814
762
643
1446
174
1265
1872
1552
1165
693
1468
480
608
84
190
84
1768
1271
1158
1957
287
840
479
751
177
1585
1382
578
1897
583
467
1450
205
329
1596
1421
1400
1362
1897
930
1155
836
159
936
1960
1038
267
1779
762
785
994
1852
1759
1364
1557
1080
1913
1229
1241
433
754
1313
134
811
134
1786
482
345
808
1546
430
1626
166
749
1890
1445
1661
1259
729
224
1669
1598
792
938
1437
1718
498
986
1817
270
939
1473
1315
1617
1607
1513
314
306
1473
476
1718
1873
1119
363
1961
1621
1233
1025
1374
584
1302
1767
553
1185
1477
752
1057
371
1441
628
688
1376
297
1291
1687
816
1532
384
1719
549
852
1649
1715
200
180
989
595
634
1981
877
1315
1067
1609
1469
204
603
979
1509
743
524
1125
1695
206
1973
1642
194
1548
513
639
1067
564
1937
666
482
2
1605
1473
211
450
471
1386
864
808
1486
1377
961
763
1867
866
502
1793
1931
1617
1232
1649
951
1738
1265
1990
1271
1573
1928
1495
176
423
696
1971
581
167
900
851
1986
1684
1220
1742
42
1544
468
1851
933
204
1317
1468
648
1256
1046
1315
1359
843
150
806
221
1451
582
1189
1132
983
264
926
264
1945
945
170
956
54
137
930
541
1076
1495
602
609
842
433
1497
90
151
43
724
1287
4
442
1307
755
1671
1766
1385
81
128
1159
548
1124
846
1403
855
1037
1532
511
1425
550
1831
42
1015
1364
423
1017
414
1903
927
597
1084
1770
775
1287
803
625
276
1933
1334
413
1181
161
915
689
405
573
144
996
312
1828
1607
1396
1849
1923
786
160
1550
1520
777
157
802
1405
1950
1512
1448
214
1053
703
407
910
520
1819
459
489
287
826
1534
273
1820
328
240
1570
1494
1963
691
1261
293
63
1179
104
1099
1480
581
190
849
681
1210
819
0
347
413
1682
510
246
1360
311
644
593
124
599
785
1529
1852
389
1173
436
330
1708
1979
982
25
1652
1341
877
1445
253
1040
1861
1353
1813
551
213
881
610
491
351
840
1129
