1389 345
627
1056
198
474
1377
345
1377
13
80
361
663
1201
1030
271
915
903
240
389
459
837
1160
1008
405
243
1224
297
148
1104
969
1041
817
531
1210
84
541
627
1370
934
503
897
845
446
234
693
321
293
1228
445
177
378
59
1222
1083
672
747
1001
1034
390
340
1070
861
210
485
932
774
106
141
108
1137
663
1213
1348
120
715
333
120
423
118
901
492
1348
188
957
1180
1285
921
560
1074
1040
1148
63
1287
133
842
789
579
653
2
40
333
1299
490
463
903
651
262
732
635
18
447
32
943
13
387
897
211
155
1080
1356
1108
75
1227
1024
382
186
1083
156
1213
162
514
956
834
1211
1093
611
1128
702
450
389
600
249
458
1164
121
480
435
606
660
114
11
1082
293
1339
1260
855
79
1125
243
597
1316
916
477
1357
847
692
256
969
1236
550
783
1016
870
87
1171
87
717
96
1185
1353
872
474
1131
523
300
351
1092
1350
994
1097
732
1106
1260
756
442
198
630
1148
1170
782
1339
609
370
915
30
1345
264
798
570
201
1044
1125
1326
95
1032
438
1094
513
473
436
168
775
243
726
506
1041
1074
552
1353
596
1276
633
498
753
114
1011
909
528
138
930
906
444
1267
789
91
1026
699
662
704
1360
1061
945
833
572
272
687
193
1179
330
936
171
752
362
1095
111
841
1128
1281
332
891
1125
1352
918
1275
567
687
259
909
220
857
599
355
1023
1058
914
312
1155
1276
852
1008
279
1084
1235
1076
938
621
526
261
245
164
1376
573
549
459
219
624
483
1372
1332
1330
1081
22
1101
550
1247
346
780
619
567
1143
1242
671
447
984
1079
175
254
1376
1371
474
85
483
441
767
1138
893
696
326
120
101
1138
72
96
114
277
1222
335
897
81
354
192
55
816
1053
1224
312
949
1034
174
752
797
1076
506
1229
487
762
977
462
855
751
498
579
704
206
72
326
684
834
906
1327
978
625
666
618
753
235
180
767
1285
882
1140
52
1068
987
422
318
827
843
958
667
797
643
1201
658
1155
1110
1003
466
633
333
915
409
80
668
939
303
714
366
1251
572
1217
255
117
354
48
372
515
591
230
18
327
303
476
115
105
670
678
1127
627
9
339
1221
1384
272
1311
101
156
894
132
1362
384
1161
1098
1239
576
197
138
464
760
264
100
507
931
1122
618
147
733
568
1388
972
273
20
1239
219
94
998
226
702
117
1299
220
218
1245
1376
858
959
559
755
1002
1207
1078
1380
720
138
81
1126
318
1317
675
222
382
282
756
837
1082
57
501
681
1238
174
1102
120
868
51
288
624
312
1239
879
462
1382
827
466
311
540
380
393
936
912
324
1209
242
1020
264
366
423
1050
918
382
958
1080
417
1210
1191
146
917
1342
819
711
114
961
258
714
1225
297
1158
780
505
225
783
877
1252
153
315
1327
1176
7
34
867
894
1283
114
1308
1066
770
973
1179
785
592
1056
979
507
895
700
880
423
761
694
702
803
1363
371
1196
161
18
519
82
981
777
1091
942
1323
585
140
131
822
525
762
527
331
888
403
409
1251
210
321
73
753
267
5
1350
424
294
620
39
1059
775
1097
102
156
590
1167
1151
747
1256
588
917
258
933
1131
1259
785
1283
317
1244
515
0
135
1206
706
622
261
345
1237
696
1230
1239
1275
461
537
825
1182
297
1080
133
1063
1148
495
315
891
899
1136
631
739
250
312
827
149
1312
1155
1124
801
851
41
175
204
111
924
168
238
777
847
47
1168
1375
297
58
294
1256
769
1282
432
1068
183
960
558
1339
786
666
60
1293
1164
573
432
1098
770
315
118
115
36
1371
543
1139
1143
33
291
313
44
830
367
63
536
95
1303
1044
549
297
1031
219
240
852
186
1339
118
561
209
6
487
341
93
1083
357
390
1041
867
1353
429
1
1337
241
495
1037
250
957
726
138
1212
1059
170
118
172
762
679
1004
833
784
219
987
834
480
324
1079
1098
1044
843
1341
303
237
403
820
461
1109
972
912
1231
1316
1295
753
350
54
654
473
0
182
1239
0
93
1220
1387
606
259
1248
354
647
600
282
1195
32
601
570
654
356
748
1119
552
578
834
105
760
1103
489
691
1104
906
411
1203
282
474
737
747
330
1112
658
233
433
692
522
431
870
1206
492
1386
330
384
776
804
1194
870
846
733
1075
897
1338
276
430
993
1369
823
456
1210
733
1299
732
549
1245
755
784
457
787
595
1134
790
1011
750
3
1212
216
478
585
1102
316
1074
429
519
798
180
1322
129
762
1014
1174
60
996
311
1098
777
1128
1040
750
825
1338
1220
561
1209
646
509
670
5
49
651
348
208
1255
643
1359
20
958
153
471
1077
522
684
1284
1050
1146
597
1014
1098
240
1275
711
193
1332
78
643
40
1200
912
1366
1305
375
1175
273
24
1063
1059
1125
186
720
1185
132
423
9
845
73
669
642
730
1173
27
1233
137
1005
1361
771
186
746
921
87
534
934
588
859
1041
529
42
943
251
1062
620
627
1076
108
758
108
1056
801
919
363
1227
12
791
167
189
813
702
1027
329
1352
854
1299
354
228
186
1013
611
111
762
51
666
278
1176
1308
978
1329
632
297
541
854
8
528
1107
439
23
596
1070
1367
684
1364
441
1156
587
799
416
12
21
1202
1183
636
689
1108
1281
1240
399
1245
1019
256
1060
157
206
912
434
886
405
14
1276
606
122
786
1239
221
771
1116
1161
728
1182
302
1101
580
1179
560
105
143
68
230
489
390
1210
1183
961
803
337
978
466
1285
1366
310
493
930
432
400
1252
414
13
108
386
1227
190
1200
671
667
1081
1149
1374
560
1104
1204
453
831
792
59
901
1254
486
1192
146
657
641
816
1098
1366
207
1168
1126
607
1206
491
837
738
906
707
474
767
342
1264
219
1054
142
105
705
645
1162
909
200
1161
540
540
530
114
57
984
249
416
1196
462
918
641
438
807
1071
387
148
789
876
611
612
373
1354
602
201
207
181
894
341
429
842
291
165
37
674
180
1089
1199
785
336
458
186
280
670
899
1290
549
1264
957
993
782
88
1224
732
156
719
335
1132
42
615
1100
308
510
878
652
707
1376
966
1046
487
171
455
831
1103
198
305
50
749
1048
1017
447
1138
1029
330
840
697
245
417
900
225
1032
813
948
1255
1209
57
316
843
1302
510
870
243
120
764
164
1251
197
108
477
1173
1066
1120
763
211
393
467
475
1120
762
1170
1131
872
318
603
57
886
603
224
629
773
69
768
466
126
795
454
204
1077
1066
816
163
726
569
461
1355
429
1337
234
285
116
1089
1374
547
1184
569
962
90
75
1302
462
66
168
483
649
208
540
792
1149
768
1375
481
205
162
162
881
972
716
819
412
485
257
1279
763
657
618
91
806
833
234
642
37
210
402
261
741
69
1338
375
855
393
30
624
1197
1025
994
642
812
60
833
1230
633
1194
219
561
105
1380
960
39
547
125
207
1384
72
855
1043
123
264
576
1018
1386
422
802
495
1305
