697 1
386
448
47
539
256
345
406
239
613
123
411
629
631
246
647
662
539
408
510
481
347
478
626
595
359
465
695
364
66
306
362
448
393
57
253
232
91
20
671
101
33
427
496
523
248
535
173
491
250
170
184
244
274
477
316
151
130
527
157
82
346
11
695
425
627
604
0
7
39
175
612
469
599
597
461
57
446
204
636
425
643
313
581
141
192
17
427
362
384
478
447
170
634
300
632
371
269
4
345
536
458
452
39
405
383
557
103
492
196
613
531
606
375
68
28
480
273
328
96
51
378
285
272
542
494
63
462
577
328
307
545
587
387
44
225
536
262
505
347
509
610
219
70
264
612
38
155
647
662
459
669
64
608
191
161
417
363
639
170
8
384
417
690
200
625
378
356
211
7
559
252
382
265
246
286
192
592
241
319
243
370
404
210
395
128
488
89
389
108
77
415
0
290
554
560
154
261
595
315
182
371
137
636
10
377
187
325
128
281
260
405
477
215
682
335
52
40
454
646
574
373
461
412
528
157
304
216
459
461
448
536
597
185
434
557
0
490
86
491
137
491
339
79
163
480
244
689
459
68
152
184
368
438
430
13
58
682
195
45
473
0
637
614
161
487
34
131
283
106
217
629
170
553
242
615
441
578
459
105
215
571
447
266
267
374
446
572
294
188
316
469
174
473
501
448
14
614
442
672
219
524
174
163
155
133
508
494
583
448
468
100
318
320
9
57
219
696
193
188
656
544
401
479
2
422
140
357
374
214
325
559
139
85
164
325
392
596
40
561
499
165
493
496
598
68
291
555
195
662
696
456
430
530
313
217
505
540
334
670
345
306
491
235
623
553
517
369
50
345
572
148
406
450
553
357
228
459
485
389
82
12
424
369
696
41
355
20
191
460
51
150
589
417
266
374
248
363
127
662
252
288
145
456
83
345
474
12
164
493
673
458
665
217
174
259
670
493
185
681
333
416
44
680
123
571
24
674
121
164
564
369
285
84
374
34
303
481
265
110
394
17
383
501
82
153
146
623
192
151
7
292
188
287
23
683
606
57
356
225
223
598
499
82
380
334
119
291
68
325
163
412
34
122
340
311
166
272
125
504
73
328
380
573
146
298
458
148
380
499
449
66
533
482
652
54
393
356
569
25
348
36
493
417
27
249
574
557
600
641
96
452
77
618
540
111
143
577
659
65
26
622
588
551
332
144
658
637
257
566
605
611
596
538
401
666
255
355
590
59
68
496
38
289
374
21
341
446
666
494
187
539
232
551
153
399
399
331
85
625
695
579
18
557
244
277
443
408
646
383
154
327
289
226
227
566
529
314
67
235
458
0
628
338
149
381
573
5
115
19
245
35
492
25
584
25
184
303
111
473
317
442
349
508
115
515
428
144
631
680
442
170
411
417
454
472
490
164
597
391
590
609
562
395
10
366
433
147
436
51
571
149
457
111
662
439
44
370
558
149
340
521
566
434
289
592
413
549
314
288
406
30
33
32
363
663
142
35
456
65
631
444
690
187
375
496
562
650
613
84
261
181
124
443
475
180
681
446
123
289
138
84
678
633
555
497
444
133
304
639
531
516
378
73
391
66
390
