1203 346
937
916
492
399
136
70
870
571
1170
735
565
748
30
225
126
682
926
1086
118
532
17
551
771
1201
750
29
368
996
1099
990
1189
444
1092
99
345
669
1158
1148
710
472
987
774
972
38
150
929
381
411
474
114
554
973
915
801
674
53
738
896
990
1132
638
29
546
970
840
1011
261
879
831
708
845
894
950
167
768
763
21
408
958
915
1023
121
654
514
222
486
282
774
570
1188
630
1158
204
183
183
736
285
872
935
757
794
519
283
78
734
609
767
876
182
735
354
280
754
442
1195
470
662
1051
704
672
824
404
725
1137
762
467
164
237
113
296
546
598
1194
729
942
657
409
847
723
186
119
817
159
210
311
247
1133
995
843
576
674
61
1163
149
170
1106
813
1108
672
519
26
927
401
389
449
235
65
669
506
681
1017
558
372
832
995
72
1151
405
564
372
963
121
607
161
852
425
267
40
426
732
1158
685
1071
549
99
1008
1143
998
616
650
1027
900
744
1101
828
240
603
552
929
135
504
1196
491
873
408
162
1141
743
753
1162
516
408
885
994
730
153
479
65
985
784
46
853
552
861
240
342
327
568
1113
1044
462
341
236
419
786
1156
417
1010
1048
354
821
237
450
366
168
997
434
1011
523
9
681
466
560
1128
849
36
96
345
307
451
680
748
1067
666
880
711
623
855
975
588
936
178
984
486
927
659
1038
5
0
987
45
968
885
596
336
443
620
552
963
510
1179
858
69
1086
374
361
881
57
785
519
383
201
989
503
276
960
579
745
414
765
893
563
1122
78
875
130
1069
59
777
222
544
411
1012
327
183
304
908
1089
1143
48
936
371
44
635
63
684
111
922
102
500
1051
173
22
218
455
859
1190
7
787
635
840
198
1005
711
666
157
1095
307
666
916
714
432
812
1100
450
291
881
167
1007
126
889
345
768
1056
984
978
72
329
683
675
705
1128
381
279
465
831
1173
25
134
875
159
108
738
381
57
1065
667
237
730
783
328
285
18
159
746
747
927
403
656
1108
603
812
894
45
27
370
808
817
250
233
1014
459
638
1042
307
750
655
644
358
1194
1051
1063
1161
19
633
1089
704
141
455
51
1133
985
1067
765
1131
558
484
776
504
492
6
984
808
734
750
1099
60
870
441
750
138
1104
165
570
513
131
499
552
185
2
144
819
783
800
1179
72
758
429
989
242
408
109
585
402
80
785
533
93
717
1081
376
1021
82
985
206
659
578
779
7
651
903
761
495
745
330
657
974
827
1016
1080
952
872
1151
1036
993
189
668
258
519
1177
207
369
296
741
531
647
273
1024
876
343
528
720
228
367
575
187
919
327
1065
9
1116
240
1175
27
472
393
246
472
1088
708
551
198
1074
1196
436
945
1011
828
361
764
1111
594
610
564
636
168
246
472
325
248
1157
432
686
654
445
448
156
2
876
427
357
411
567
874
1179
962
1198
789
1047
847
168
693
573
1130
1107
927
869
1011
856
381
534
405
1182
660
28
373
405
996
440
2
902
59
0
953
217
678
694
1126
1053
758
358
1170
10
270
485
392
735
703
83
64
980
423
547
873
426
956
582
238
597
862
474
1180
441
729
482
1053
280
423
840
459
468
165
141
943
574
833
626
321
534
742
1193
696
480
203
1118
719
87
436
422
884
759
95
166
473
967
723
575
243
721
1065
446
513
697
672
389
606
916
262
404
279
388
180
339
575
663
213
408
711
1173
602
753
588
192
42
219
804
696
877
471
1121
827
82
11
367
831
993
15
810
615
87
617
1094
300
1168
501
576
374
188
1093
330
514
430
694
280
450
992
390
873
742
1077
824
877
666
595
23
642
194
636
438
671
6
506
728
168
432
606
360
643
756
990
877
761
271
699
412
759
435
425
102
1081
903
1161
1201
135
1014
1116
109
745
366
1191
621
806
369
126
1095
188
1005
607
140
168
1125
696
417
595
201
594
735
696
84
225
201
237
1151
1134
822
651
888
180
221
532
1038
1065
1092
564
437
588
265
507
397
1071
66
625
1102
927
863
879
307
9
405
760
1167
225
696
1155
240
168
468
974
423
3
548
219
1054
923
858
981
1077
225
774
795
1128
620
72
969
495
561
73
674
802
1184
1161
37
184
822
642
977
371
894
1038
25
562
888
31
77
1155
927
534
475
508
807
543
309
337
192
279
561
558
55
213
39
655
891
959
647
464
753
99
36
360
21
795
1106
1001
251
458
815
611
738
1191
619
332
1111
65
738
403
861
648
1084
88
469
187
574
1067
889
207
621
710
462
753
386
402
319
226
783
621
1083
83
522
474
833
5
456
964
1124
216
1091
662
739
240
540
1020
467
736
625
803
837
1029
872
904
135
195
172
637
25
1045
1202
1119
228
973
626
591
493
557
5
483
5
138
1131
789
270
731
957
792
1126
318
920
868
136
693
525
969
1160
964
1154
125
909
930
324
424
597
1131
936
733
786
540
852
1150
1178
890
378
0
48
19
533
1140
1023
626
573
239
16
119
1132
444
1146
32
547
187
719
1083
432
737
819
960
744
696
883
66
531
610
68
750
947
1073
178
13
1110
197
957
1008
448
122
443
1170
202
408
30
590
482
599
941
339
267
843
166
1020
297
1153
295
404
56
1039
384
735
188
1041
729
770
41
659
687
1042
1152
15
300
408
49
699
973
408
161
208
1104
1071
255
186
666
630
375
26
447
221
501
1069
115
768
558
698
399
626
204
1058
780
612
916
711
1144
966
556
34
159
1158
1035
679
288
940
503
606
1193
830
378
765
955
576
666
251
420
532
827
474
239
1011
918
768
81
312
436
366
1003
744
51
989
414
401
657
501
513
2
1173
705
712
348
3
97
603
1065
773
18
1100
444
709
984
955
344
335
87
534
797
258
263
1141
1197
533
0
44
655
430
338
651
338
505
378
393
