451 309
99
289
285
126
363
133
264
260
98
26
365
292
431
335
377
246
361
434
362
26
215
306
410
8
133
51
356
107
320
385
89
274
213
36
414
335
105
88
210
99
56
171
171
0
64
370
131
46
393
0
315
23
350
119
212
202
125
242
0
54
276
211
108
423
163
325
1
230
68
294
448
367
132
73
16
329
345
82
429
412
404
251
373
22
198
0
295
230
198
433
332
307
328
351
366
34
62
427
174
54
82
191
449
355
431
47
218
438
428
234
442
57
16
45
205
312
258
172
259
153
233
203
0
271
212
14
418
206
3
37
15
186
129
379
254
117
183
289
344
394
446
396
22
439
199
44
342
363
332
165
41
375
257
433
13
253
223
199
214
247
42
349
374
130
174
413
15
9
338
332
120
190
443
398
94
121
306
248
334
9
123
150
236
275
219
56
405
137
319
281
187
75
44
95
41
261
307
237
18
132
127
341
356
354
158
233
231
255
255
30
88
424
285
60
112
286
154
237
66
179
164
75
184
383
220
391
158
441
91
300
101
110
375
304
269
237
24
275
202
374
418
91
178
210
7
201
10
129
325
356
213
307
275
260
402
49
331
430
314
172
171
35
138
72
280
258
401
267
313
31
405
417
347
331
347
196
143
259
226
398
142
182
377
276
376
187
207
210
0
49
422
232
151
111
390
233
275
322
230
328
445
0
174
55
424
281
384
52
424
372
299
286
246
48
259
166
204
197
345
0
297
286
285
303
89
300
283
57
41
418
138
60
412
352
0
320
13
432
160
115
53
248
9
277
322
0
436
425
343
380
51
134
77
64
83
345
244
146
385
213
246
370
142
312
71
112
392
56
425
419
362
66
361
424
426
247
77
224
26
220
377
449
41
277
439
367
77
228
284
144
131
280
85
189
152
361
365
60
69
443
217
64
311
41
62
86
44
202
373
321
184
272
124
393
242
46
54
227
319
286
110
299
182
199
447
170
354
265
152
34
334
44
264
29
321
326
112
362
435
14
172
109
142
156
220
66
321
82
143
110
